zeoVol_1UC = {'BEA-1': 76.19741309427761,
 'IFR-1': 46.10395432371456,
 'MFI-1': 63.984301475688,
 'MOR-0': 45.236156249088,
 'EUO-1': 49.35612570768,
 'FER-2': 31.269110718643194,
 #'MEL-1': 64.80482018374799
 }


zeoVol_2UC = {'BEA-1': 609.5793047542209,
 'IFR-1': 368.8316345897165,
 'MFI-1': 511.874411805504,
 'MOR-0': 361.889249992704,
 'EUO-1': 394.84900566144,
 'FER-2': 250.15288574914555,
 }


zeoVol_4UC = {'BEA-1': 4876.634438033767,
 'IFR-1': 2950.653076717732,
 'MFI-1': 4094.995294444032,
 'MOR-0': 2895.113999941632,
 'EUO-1': 3158.79204529152,
 'FER-2': 2001.2230859931644,
 }


zeoVol_8UC = {'BEA-1': 39013.075504270135,
 'IFR-1': 23605.224613741855,
 'MFI-1': 32759.962355552256,
 'MOR-0': 23160.911999533055,
 'EUO-1': 25270.33636233216,
 'FER-2': 16009.784687945315,
 }
